"","population","householdsize","racepctblack","racePctWhite","racePctAsian","racePctHisp","agePct12t21","agePct12t29","agePct16t24","agePct65up","pctUrban","medIncome","pctWWage","pctWFarmSelf","pctWInvInc","pctWSocSec","pctWPubAsst","pctWRetire","medFamInc","perCapInc","whitePerCap","blackPerCap","indianPerCap","AsianPerCap","OtherPerCap","HispPerCap","PctPopUnderPov","PctLess9thGrade","PctNotHSGrad","PctBSorMore","PctUnemployed","PctEmploy","PctEmplManu","PctEmplProfServ","PctOccupManu","PctOccupMgmtProf","MalePctDivorce","MalePctNevMarr","FemalePctDiv","TotalPctDiv","PersPerFam","PctFam2Par","PctKids2Par","PctYoungKids2Par","PctTeen2Par","PctWorkMomYoungKids","PctWorkMom","PctIlleg","PctImmigRecent","PctImmigRec5","PctImmigRec8","PctImmigRec10","PctRecentImmig","PctRecImmig5","PctRecImmig8","PctRecImmig10","PctSpeakEnglOnly","PctNotSpeakEnglWell","PctLargHouseFam","PctLargHouseOccup","PersPerOccupHous","PersPerOwnOccHous","PersPerRentOccHous","PctPersOwnOccup","PctPersDenseHous","PctHousLess3BR","MedNumBR","PctHousOccup","PctHousOwnOcc","PctVacantBoarded","PctVacMore6Mos","MedYrHousBuilt","PctHousNoPhone","PctWOFullPlumb","MedRent","MedRentPctHousInc","MedOwnCostPctInc","MedOwnCostPctIncNoMtg","NumInShelters","NumStreet","PctForeignBorn","PctBornSameState","PctSameHouse85","PctSameCity85","PctSameState85","LandArea","PopDens","PctUsePubTrans","ViolentCrimesPerPop"
"population",1,-0.0257938198791484,0.289668863897683,0.389384788726184,0.294237357782009,0.299433317928804,0.0245565732805752,0.191020904502664,0.11902198335649,-0.140855236944772,0.416492032277838,-0.0895569242484944,0.0266716387644295,-0.161394811156989,-0.191173550041887,-0.165444315084617,0.227437922833624,-0.12737781075254,-0.0935636098764485,-0.0490496182780513,0.0202881086765327,-0.0631916257496986,-0.000517608214008001,-0.125433062188096,-0.0425626945813071,-0.106241101156979,0.181653549635279,0.0518358045981578,0.0542148965822171,0.00990945185504643,0.172062722668906,0.0121949630142867,-0.130907780132975,0.00227867994257121,-0.0363389941409797,-0.0447664911826858,0.267319675224152,0.300991846405838,0.318929808086882,0.29644429794143,0.108219502626893,-0.297182159519877,-0.307130782892117,0.26308226810233,-0.295485404510533,-0.0497033795213743,-0.114138914359232,0.376635291919516,0.255587314222288,0.223880758419796,0.261882517351308,0.288788451316751,0.345776415774701,0.345974981100586,0.343635635749881,0.344570778423236,0.280774636678022,0.311611089532719,0.277737214234541,0.197232353272779,-0.0175123261231543,0.0141208609601812,0.0812229804795715,-0.318987719794022,0.340236373343992,0.295235986561605,-0.269537539950363,0.111077973128134,-0.322813050324661,0.278142500840693,-0.17308962982554,-0.0280073314882689,0.106637547228386,0.145540180186253,0.03741858780368,0.217671910787437,0.158139657298231,-0.0765435656889652,0.680117964842935,0.602464971178387,0.283669940190556,-0.201579183536202,-0.198417173122141,0.0559911871746522,0.157854136784127,0.582472269714066,0.323100618613792,0.329536720076308,0.420073509436975
"householdsize",-0.0257938198791484,1,-0.081643103460671,0.220821590150596,0.220026075583971,0.421776600047282,0.511749368916203,0.370126051937405,0.290619083563866,-0.620214008561011,-0.0145228946050642,0.185187035741262,0.453149948343686,0.170514995757138,-0.19585535397142,-0.46228621617923,0.0930742423647715,-0.334204221315858,0.0698286993701228,-0.204505131873424,-0.157550425242094,0.0468374666336557,0.000751270664203161,-0.0682330546565179,0.00828982593004085,-0.0986855577918496,0.0560097930213369,0.125223222839219,0.125160933058737,-0.111190635612782,0.154799676811043,0.126151826206049,0.0631142617525652,-0.137303914512041,0.10213145090822,-0.121105668815284,-0.431223783444749,0.142749810955033,-0.330774800350835,-0.392422353966108,0.863915857998242,0.274257598670809,0.19220681840534,-0.207246298714571,0.274454668375112,-0.233066554018073,-0.2847538639131,0.00424964893494975,0.0341298183653844,0.0469057241943719,0.0688136657562084,0.107025826378323,0.252193850351909,0.263615906964277,0.275233028354025,0.288220829092717,0.382847851765853,0.363891667654533,0.653311030620702,0.763341305150918,0.909941349702743,0.841267711820205,0.746141871478513,0.114068880405849,0.422383145845592,-0.310710568374265,0.213229757514025,-0.26873187675427,0.170350122900497,0.0183689673618915,-0.0803750742565637,0.26551564363992,-0.0394260520704664,0.106144165027211,0.183437170166656,0.155824123078669,0.263338905600852,-0.0967168274687077,-0.129341234409427,-0.0571605773879635,0.29404523971072,-0.0621234822363037,-0.0766929739269399,0.0795128594712064,-0.00570969863538438,-0.0168310191956808,-0.0051387106089199,-0.0228756935689648,-0.0398940277513075
"racepctblack",0.289668863897683,-0.081643103460671,1,0.77910732811497,-0.0453406378939492,0.00945294975802063,0.106062050566158,0.195983784072285,0.159979494078794,0.00579556152070269,0.044615006470891,-0.355938915264924,-0.171982892358578,-0.19030514412514,-0.486168955903667,0.0429468919566015,0.39928139483496,-0.0872514324893717,-0.350034383399518,-0.259343485021954,-0.0806372375147917,-0.248604899545924,-0.0550141715509496,-0.125873813396576,-0.114437824685619,-0.163586985268274,0.454996615051686,0.292081214274344,0.335355957357732,-0.150898787330263,0.34914089678775,-0.233429957796192,-0.0603045459101855,0.0696977198272014,0.19462997938542,-0.180313823183101,0.442802326307175,0.294926318994167,0.462620853574324,0.465439502855891,0.00704394664570442,-0.663228554840264,-0.702279095871484,0.579269299293199,-0.660787122726642,0.129200527509682,0.0412458135960612,0.752766645755464,0.212624820865719,0.246348348082148,0.289679959273162,0.309550831312655,0.0350983834418105,0.0437637483359418,0.0427914694400697,0.0369585543203643,-0.0646098939142691,0.000568168939803749,0.216823695369801,0.119952517631291,-0.138273766205274,-0.203328596713516,0.108531351869135,-0.40973231119188,0.28966263914242,0.262099670980512,-0.186783649764296,0.337720069139618,-0.371067099591949,0.43224937388341,0.144592277235297,-0.0766982185354934,0.483783500615381,0.305910644732229,-0.236705024336795,0.206191732125821,-0.0584334844273725,0.178963641135858,0.332382787356458,0.265048997020572,-0.0968088109109951,0.00660219349043277,-0.129537340040345,0.0326711095094604,0.0871026666021644,0.171998728345139,0.110171844215047,0.102120180875479,0.624167908032915
"racePctWhite",0.389384788726184,0.220821590150596,0.77910732811497,1,0.29717587597519,0.498139741632071,0.187151053333013,0.300927897376317,0.200086395273581,-0.17664003681999,0.0781667557886204,-0.316704857103245,-0.0722574142111139,-0.0799924286973149,-0.597330152830541,-0.12979073827678,0.544072164174326,-0.272539290975928,-0.356029544398217,-0.328298164509448,-0.102437871510846,-0.191555866616649,-0.0477939626938006,-0.165301879199777,-0.120149796536908,-0.241275839927193,0.536839298073421,0.440434336265186,0.453154196021129,-0.212906155608931,0.479099645227186,-0.219768701749135,-0.0709566951586571,-0.0546633309962859,0.23415538928145,-0.239366782692581,0.38889559135113,0.377607704807197,0.495654295445676,0.453924524342255,0.362184229765433,-0.615083923171317,-0.681324097326243,0.555184550483534,-0.596198646752474,-0.0394611849939357,-0.187257510101635,0.766909388458466,0.344785797411969,0.379592712779635,0.446484700652854,0.506621472234977,0.429773179822922,0.450439911638904,0.457119408720314,0.461274465127326,0.402712734144401,0.479509447452536,0.606107570037341,0.52656239756323,0.190333750049513,0.0830145281865549,0.486187268727088,-0.549479787592818,0.728713490275686,0.394737897155891,-0.318181920368692,0.229304802620001,-0.47866523052488,0.416440335629428,-0.0570044661937665,0.0272982999884372,0.492057372798959,0.427512456271794,-0.106393473541664,0.358623365699646,0.185900592615208,0.000202812397105886,0.378634362454785,0.363536845313843,0.317808494752289,-0.201731920554013,-0.257569620289018,0.075849721148414,0.124775806406722,0.0706900054530162,0.343236682047266,0.160836615919692,0.701219624783154
"racePctAsian",0.294237357782009,0.220026075583971,-0.0453406378939492,0.29717587597519,1,0.441607112689615,-0.0165567701914091,0.161774756229248,0.091846196984859,-0.360911188575032,0.313494350952655,0.444865509415001,0.430199963660795,-0.0581082011288173,0.223444285819376,-0.478760029013817,-0.161914721681158,-0.234201403395066,0.44162336353523,0.383833059352376,0.405065270398375,0.359521504924394,0.150301098636269,0.0867503197385217,0.229716984538175,0.226951212747997,-0.250200366827561,-0.269764996710981,-0.332133023179102,0.387326020935415,-0.232135811783009,0.361039763420796,-0.154295609564697,0.0172375139206671,-0.368257560214488,0.349643683669646,-0.151308770137392,0.258899525816578,-0.0375174647355246,-0.100965158298206,0.205648846264891,0.210852970717809,0.200113453810743,-0.258887744062303,0.157839683995477,-0.176998513220234,-0.167848815354546,-0.0757915356732208,0.309040312938101,0.301372540955807,0.37410613742506,0.400476996870472,0.711847827287794,0.722993768218043,0.744129435839831,0.743217061869103,0.569050105892947,0.508426497542972,0.234111006135702,0.227458918845501,0.217455497809743,0.231915066873684,0.202258113672517,-0.138809836213074,0.338689443895486,0.0580987422248979,-0.105046226490966,-0.31051331860915,-0.134100152300943,-0.220603692280087,-0.476618057404307,0.129378606265227,-0.400040977736716,-0.126318083804354,0.591577497096013,0.202207342339035,0.468023363072625,-0.25043178782763,0.125013544643615,0.200374655475528,0.713504851266645,-0.494262682405249,-0.274107751875304,0.313420664057194,0.317542519002035,-0.0738161496485301,0.411615963659673,0.399362863053664,0.0108577694906435
"racePctHisp",0.299433317928804,0.421776600047282,0.00945294975802063,0.498139741632071,0.441607112689615,1,0.0679946311847842,0.206790393964598,0.0643841070289292,-0.280898817214675,0.129220155533472,-0.00192452271420965,0.126962368222291,0.0270791650568508,-0.338910014112593,-0.264538468728121,0.287592997491859,-0.283282924599979,-0.0866820048684313,-0.156244903672827,-0.0867072877926722,0.0240672731726103,0.0281546544622941,-0.105589365649375,-0.0370862880475912,-0.198866444223449,0.180027512747052,0.318987500145762,0.296204321642809,-0.214503250894207,0.307211152975846,-0.00314897494868431,-0.0930747075268633,-0.272257726672647,0.0978818916148854,-0.222507171392655,0.112422005004589,0.199902275665595,0.228557830601594,0.16881313688063,0.540617922069596,-0.103480105264194,-0.163359238814073,0.12304354763443,-0.08820593233399,-0.2608893081724,-0.357006651951753,0.240351107861687,0.182822194456515,0.185636100836093,0.241990058710691,0.328011547321116,0.674057914517989,0.710110742508143,0.724513332211252,0.746605985752595,0.86291842181798,0.873201457315607,0.68057880587322,0.665724145800248,0.457627781146251,0.377937406433462,0.613133398295828,-0.35558183947921,0.806119187193076,0.344512211570077,-0.298031271682513,0.0579734730239084,-0.293489882135853,0.122665921233516,-0.269286199528015,0.144286911146661,0.163500029291268,0.256707528495977,0.218352914617823,0.33280710044393,0.481448889574905,-0.110744948766886,0.208052661585461,0.309881884620204,0.736919563212064,-0.421624556049148,-0.278086329937052,0.127883625865045,0.124862291279074,-0.0673424609537755,0.421492734601596,0.161773897708271,0.346941994531817
"agePct12t21",0.0245565732805752,0.511749368916203,0.106062050566158,0.187151053333013,-0.0165567701914091,0.0679946311847842,1,0.823407194824005,0.898125484942838,-0.417475131863107,-0.228013705163119,-0.332318609026466,0.139083462922153,0.256264093645442,-0.287496887789468,-0.26596584931366,0.211248472420436,-0.312550464504746,-0.290789054344458,-0.452736908154731,-0.391160264499088,-0.293501543842749,-0.167590316176005,-0.276654593400241,-0.199261157532182,-0.32095119945638,0.492536951331865,0.155799585768179,0.123282952973495,-0.00873751151822965,0.268334832412332,-0.180677973506833,-0.0804664739971253,0.324020263318988,0.129957850205988,-0.125622079650017,-0.194868301003099,0.551677381950582,-0.127928654153875,-0.162316517509044,0.303038507900882,-0.131948515228844,-0.145304618208155,0.171623936301994,-0.113777289179778,-0.0190385838826843,-0.0654050270302985,0.203084060101971,0.314288421000015,0.372512902648439,0.353855235944455,0.323291141013833,0.0751941588433148,0.0535804085188655,0.0301023815199917,0.0137566634276316,-0.0123023107903326,0.00374365879651147,0.262509944480047,0.264963472070846,0.235671066462055,0.245495973917251,0.268453268088509,-0.271164679633301,0.227794368869293,0.0152810360354606,-0.0732179291154894,-0.0100084006668465,-0.261514203183807,0.158594700023987,0.0262657905817155,0.0921055090146247,0.291867832572795,0.16967745603376,-0.313780416240835,0.277316233316016,-0.17577794607135,-0.112249988584295,0.0433423045530121,0.00197753358851565,-0.107684664266922,0.0950940698329377,-0.349186138999889,0.311428245407917,0.129826782456159,0.063686104438373,-0.0782906755367324,-0.169890838650973,0.074412890322253
"agePct12t29",0.191020904502664,0.370126051937405,0.195983784072285,0.300927897376317,0.161774756229248,0.206790393964598,0.823407194824005,1,0.932998899646031,-0.527719130855851,-0.0890684721469042,-0.339685465482536,0.271946131363139,0.124119142380653,-0.370707766726956,-0.433268764427529,0.223459874349333,-0.435904956547126,-0.302877607052128,-0.431939952918062,-0.378866072256968,-0.276547350549439,-0.162767878296429,-0.337463843996243,-0.184437964233516,-0.3351351925047,0.454938109014772,0.158018560639202,0.112915307155571,-0.0219567235519935,0.230595312346793,0.0139053587699612,-0.0829005730152698,0.196261808967215,0.120115838638729,-0.173599072851064,-0.00310893225726169,0.755974854262427,0.0708293851676964,0.0303632744342284,0.233412622895072,-0.247666994759629,-0.24643350053563,0.254537194799056,-0.245819666783378,0.0695700076522428,0.00504209049754311,0.350052728015997,0.43476372983168,0.496729864916134,0.503363047988884,0.485117423440283,0.280980731950339,0.265078932118852,0.244070581657749,0.226138396929102,0.138398006178542,0.169708775750425,0.28015714120504,0.229367404500044,0.104120173829208,0.157186498218253,0.225214799995392,-0.577639730310449,0.370107077911479,0.303870569034814,-0.30014579320785,0.0180331590147634,-0.586521057950402,0.14618425638575,-0.15309015537596,0.0654061885428661,0.288462843244909,0.180037690208835,-0.202459640638053,0.27152012114591,-0.014233983668355,-0.0975967781841529,0.178265035038099,0.134859578075664,0.0708397899408349,-0.0446841628249556,-0.549849713220435,0.453024759984182,0.305507351934923,0.0429397683157578,0.137811568970864,0.00455364295359017,0.201266928275345
"agePct16t24",0.11902198335649,0.290619083563866,0.159979494078794,0.200086395273581,0.091846196984859,0.0643841070289292,0.898125484942838,0.932998899646031,1,-0.326209026920596,-0.139132348822914,-0.350896523193638,0.111805240333849,0.148171767848781,-0.234398296467866,-0.238588056610201,0.178544943158629,-0.277822722555182,-0.271954657785113,-0.372845727042239,-0.322498983137828,-0.279116239804491,-0.156371266637768,-0.291469630508467,-0.190298691266467,-0.29250947187266,0.469520607511909,0.125610404077905,0.0719795182706498,0.0690347148510892,0.200373419068518,-0.145888275321406,-0.139137694150603,0.371137267443423,0.0536860225238072,-0.0804399757129798,-0.0998159997296378,0.761452720585502,-0.0529045235686026,-0.0795035562136035,0.0730211495717158,-0.223849944546243,-0.216427753822841,0.22284766135028,-0.219925304137219,0.0468877108936817,0.0107458782870437,0.271578900379099,0.419653192666868,0.48255196380393,0.46628279969693,0.421807202505357,0.208454970813697,0.184707388840915,0.157955185950422,0.134133961899857,0.0412144641673328,0.0506795540690039,0.134519619407784,0.0886101978939122,-0.026935905960602,0.0202931334879902,0.0798944082752037,-0.473994678864254,0.21214340447266,0.249609062552932,-0.26799604161407,0.022325393389101,-0.485449443251886,0.110946489676318,-0.0735711768396283,-0.011580381641382,0.249287806438807,0.139223309220084,-0.231871539937917,0.330006927024073,-0.104624169223352,-0.0797422151527104,0.144818161641706,0.0891662004616056,-0.000934614630554819,0.00152749419591348,-0.448815274824363,0.419231469585074,0.253575964829358,0.0336713331305467,0.064185084805358,-0.0172235373812444,0.130644966923931
"agePct65up",-0.140855236944772,-0.620214008561011,0.00579556152070269,-0.17664003681999,-0.360911188575032,-0.280898817214675,-0.417475131863107,-0.527719130855851,-0.326209026920596,1,-0.0943795767114669,-0.296224888475761,-0.843605681214607,-0.195518775390865,0.0966107118979327,0.944810072611131,0.161816430669049,0.677390771923801,-0.227988104790353,-0.0144993380992915,-0.0247110267388684,-0.16257456154283,-0.0458689683118824,0.0570683273887694,-0.107766222209562,-0.0190213403677814,0.0886193386002351,0.237640934473002,0.254410048382907,-0.191514682233071,0.118951660639484,-0.611668830498593,-0.00523499070287773,0.121094103922168,0.121998831270635,-0.116416443498475,0.173140556759374,-0.219574945303876,0.0537253010674601,0.121403633928208,-0.580874878726399,-0.249907365396181,-0.224461137447286,0.227983935065662,-0.201616090527312,0.0180277415138751,0.0378269000664212,0.0127404240747228,-0.189679154604059,-0.203573016452958,-0.25307170329663,-0.280207756703104,-0.242167806828445,-0.241163372209522,-0.250989427265611,-0.251513238155367,-0.186645637570647,-0.175558497378242,-0.339705386836233,-0.385356191970046,-0.59479643721029,-0.652291636957939,-0.423049764715154,0.0609546905757472,-0.271581167383296,0.254349826856405,-0.159765399266442,0.254606567627054,0.0680305777851881,0.0420512622720613,0.278026722016205,-0.420111196624571,0.127015208397223,0.0505255055802571,-0.238151901020296,0.0611376924881482,-0.213734305410206,0.218763502505853,0.0126245822844216,-0.0371731544320937,-0.171352561389132,0.158932028025127,0.411048409249206,-0.36605763409898,-0.263212635099755,-0.133704531684627,0.0194899618602738,-0.0229707451741886,0.0709852536283091
"pctUrban",0.416492032277838,-0.0145228946050642,0.044615006470891,0.0781667557886204,0.313494350952655,0.129220155533472,-0.228013705163119,-0.0890684721469042,-0.139132348822914,-0.0943795767114669,1,0.339909588110561,0.223185371314507,-0.320385832204168,0.197577804475337,-0.167727547386286,-0.206472398478348,0.0384636620104968,0.319207923560027,0.324567184833242,0.315685064769499,0.243968400304994,0.136641057503987,0.0753229137167542,0.164716312691943,0.229065381782723,-0.289057076451651,-0.243110665319037,-0.218349093088079,0.188753760217663,-0.213360067261202,0.273388204904532,-0.103128698237195,-0.0568223110408166,-0.267526691788483,0.196725672872753,-0.0457305059244906,0.0767980647310047,0.00121688183368775,-0.0238470680276653,0.0540800233836513,0.0790021120157945,0.0743174938161927,-0.171370768611351,0.0187475826862378,-0.0459201708626271,-0.0480510951525024,-0.00633511951142864,0.026227688428399,-0.0314974209323129,0.00661045376203834,0.0227459222115678,0.270197242334177,0.271271541114683,0.287808378336355,0.294058065366142,0.233873539088409,0.20580798219529,0.0674135034850005,0.0618215156056212,0.0642140950133161,0.135792864844056,-0.0570675444401093,0.0584181786437454,0.0271469514213383,-0.000619811151108572,-0.0352319662762051,-0.195133908825973,0.0281620458798706,-0.0611476444887007,-0.288596313725278,-0.0204622669443739,-0.36783193627597,-0.185144892099993,0.384123637884042,-0.0154442701192037,0.214152545282607,-0.0540238127795013,0.179243799408227,0.208501405170659,0.337214432757045,-0.217100843930296,0.0910456131922955,-0.0749102888599421,0.07667625608647,0.0370942376276614,0.361450886413284,0.456173948521747,0.0844970163611696
"medIncome",-0.0895569242484944,0.185187035741262,-0.355938915264924,-0.316704857103245,0.444865509415001,-0.00192452271420965,-0.332318609026466,-0.339685465482536,-0.350896523193638,-0.296224888475761,0.339909588110561,1,0.644646401924234,-0.0139019201452283,0.741727790076185,-0.428695311502309,-0.731442314859549,-0.0749088869926326,0.971345570537494,0.883401008386875,0.800083338409353,0.683585262754411,0.339536401762641,0.436556427579029,0.462798816944899,0.638347675341744,-0.858651089436744,-0.658069155911199,-0.686789205598138,0.630612540046983,-0.694732053021378,0.704226311971679,-0.0280226956661525,-0.0387969331012907,-0.600647508082251,0.676499960163402,-0.53998979442976,-0.224505041017932,-0.511935257982764,-0.540028063060117,0.100614556191704,0.747760085269687,0.735279283168926,-0.796187082352336,0.647747574500656,-0.107758196394997,0.0212600800290449,-0.587336298253862,-0.156743441042937,-0.22157914748907,-0.193440401608879,-0.198216052038022,0.189641027296826,0.196129783513608,0.223887889302721,0.226927503359437,0.166279306833561,0.0268203859843757,-0.16035196855707,-0.0680352413831416,0.295677177001877,0.373637737957576,-0.102915211528447,0.61104409826487,-0.342952206590469,-0.570859066138609,0.430792485848253,-0.452986406235501,0.570506065295726,-0.472226563905259,-0.272152994066718,0.194601962415139,-0.83797070061398,-0.480777025748286,0.86220626346707,-0.27866654603593,0.391632428919134,-0.0511903366130944,-0.263265650790332,-0.173628219373992,0.360026566881672,-0.252822722324457,0.219558135516243,0.034840836247735,0.0710409042802463,-0.056444197659318,-0.025283991530573,0.292703111479852,-0.503726528842169
"pctWWage",0.0266716387644295,0.453149948343686,-0.171982892358578,-0.0722574142111139,0.430199963660795,0.126962368222291,0.139083462922153,0.271946131363139,0.111805240333849,-0.843605681214607,0.223185371314507,0.644646401924234,1,0.130546146332927,0.291623185909304,-0.900096851193869,-0.565657869279637,-0.542406771673169,0.594163864467291,0.400950155048211,0.338361918129264,0.410910005926772,0.175524842331454,0.119233411273202,0.293359096104781,0.298441080682559,-0.50967381241891,-0.4975728616376,-0.535557254204171,0.434573088398132,-0.509160159584346,0.858145446099747,0.00524699907697443,-0.120038632781964,-0.362167915228896,0.371804642282696,-0.375480053533485,0.0541081293607627,-0.295884096616141,-0.348121676604513,0.373723800335395,0.554279802683441,0.534142015618433,-0.560646613324581,0.465527367640004,0.0923850672496946,0.158802228671553,-0.317066645265358,0.0750705057475715,0.0616265748322731,0.109082757681855,0.120952562812592,0.223043922524763,0.222890208784373,0.241672005359331,0.241636784804822,0.145586743448618,0.0689341173010349,0.0735500544043389,0.143921898189225,0.481092548172544,0.590014908466581,0.165816945712681,0.219984060895853,-0.0235308827435368,-0.422679025189909,0.288414748379384,-0.414275356155505,0.178688102269049,-0.306892869870403,-0.361513681204646,0.418779897916374,-0.494898982467617,-0.313853619464465,0.529408195404647,-0.267993093388871,0.266137231563026,-0.182133471066421,-0.174721301968459,-0.105491298229646,0.234671855878714,-0.217429691701983,-0.211657982274437,0.317882647202131,0.261902594087417,0.0576031549814397,-0.0469187631264306,0.130139562756995,-0.335275268788667
"pctWFarmSelf",-0.161394811156989,0.170514995757138,-0.19030514412514,-0.0799924286973149,-0.0581082011288173,0.0270791650568508,0.256264093645442,0.124119142380653,0.148171767848781,-0.195518775390865,-0.320385832204168,-0.0139019201452283,0.130546146332927,1,0.0659055985173608,-0.179031916824748,-0.100037104326177,-0.281139260336187,0.00886679860118213,-0.0259259273178072,-0.00623195526786667,-0.0753110074030248,-0.0423080206700726,-0.0153204940028272,-0.0546235542338114,-0.0759673420277921,0.0980534810324432,-0.0243023857188614,-0.111388763298359,0.186559079654267,-0.072567928631998,0.0359678734998313,-0.157467094107817,0.160919142859003,-0.128782603813321,0.148595685898529,-0.191712473427094,-0.0762610479201292,-0.161566374695445,-0.178651371990306,0.0823687453274001,0.224804317231366,0.214029817437054,-0.159339577139868,0.218557875131351,0.0502523775559434,0.0363198538682504,-0.222517625080239,0.10387025288189,0.126676415383782,0.131340769581317,0.13926959297037,-0.0442562687650903,-0.0575324687820139,-0.0593148341693755,-0.0560936468041519,-0.0543947858955539,-0.0448756633871634,-0.00921647348432492,0.0284696910028267,0.115777723530477,0.0936657090882717,0.0938821611233513,0.0908018755668783,0.0271814152587808,-0.147268055831405,0.0739625453598498,0.0307334327065258,0.101995794448942,-0.0822418020723541,0.0313832012690781,0.300244501716365,0.0624454936646067,-0.00442823776714452,-0.138139940892888,-0.0750570013122604,-0.118556640236661,-0.184178905833398,-0.101780567614199,-0.102865923034313,-0.119373855290907,0.0299856241096966,-0.172853086297367,0.212660856692903,0.0457417122308576,0.0858570075110865,-0.289988926601605,-0.329741337221305,-0.15872239369968
"pctWInvInc",-0.191173550041887,-0.19585535397142,-0.486168955903667,-0.597330152830541,0.223444285819376,-0.338910014112593,-0.287496887789468,-0.370707766726956,-0.234398296467866,0.0966107118979327,0.197577804475337,0.741727790076185,0.291623185909304,0.0659055985173608,1,-0.063021081009915,-0.783434770913094,0.202468372793415,0.814304574693793,0.830905762508545,0.714752013975226,0.509768079809491,0.236046210484095,0.391402088813206,0.353964501519054,0.569153617118047,-0.725539311351674,-0.715059425207287,-0.781212799366188,0.752504742977093,-0.737882221751882,0.407376298121257,-0.147508574166132,0.322725680713533,-0.686380604645861,0.777930237764228,-0.577105652194682,-0.192996606454426,-0.6244279811793,-0.613910337178863,-0.361114866851523,0.70005680156723,0.745188637627673,-0.746133266306835,0.607606582216723,-0.0269487824793562,0.138069091188115,-0.715591813323049,-0.136712414597196,-0.205539310703141,-0.22400252085186,-0.280663626254885,-0.0184419974136065,-0.0397859474004708,-0.032472062240885,-0.040974565652496,-0.120420474624119,-0.277104290046251,-0.548109782757522,-0.487154830754018,-0.1815971661387,-0.0646351997409271,-0.530764590347397,0.600571601541481,-0.671864773227822,-0.476312640012438,0.34362885078197,-0.389135896898767,0.527102083993804,-0.53285462453428,-0.138699959360863,0.00349560047130983,-0.809462460768508,-0.558709744927399,0.569819449990141,-0.279859116711937,0.0501822133144671,-0.0578248065959817,-0.259049054850874,-0.242579443016927,0.0893718591478561,-0.1152450556978,0.257212927181401,0.0558246278450496,0.0689269528355289,-0.0741691653620365,-0.123444819496672,0.211844891251401,-0.660679171695507
"pctWSocSec",-0.165444315084617,-0.46228621617923,0.0429468919566015,-0.12979073827678,-0.478760029013817,-0.264538468728121,-0.26596584931366,-0.433268764427529,-0.238588056610201,0.944810072611131,-0.167727547386286,-0.428695311502309,-0.900096851193869,-0.179031916824748,-0.063021081009915,1,0.325930624784355,0.678786560877766,-0.38205577895901,-0.218741165756109,-0.215790721689307,-0.281935692994528,-0.116774249107586,-0.0239117110459993,-0.189900691938913,-0.147180446254732,0.228768080032404,0.394583041614189,0.425549250424278,-0.368936641825389,0.294691591741584,-0.724707637485911,0.0707645812988976,0.087688582790367,0.295864407529199,-0.292808595862096,0.1722101200518,-0.185603010954994,0.0532253914077929,0.120884940097647,-0.417588814841265,-0.323751970443961,-0.311655986392671,0.328224144456401,-0.250726255504334,-0.0116216472977013,-0.0139166542938369,0.10797194735249,-0.220852769349202,-0.222041682504667,-0.283539190493357,-0.306638487566368,-0.320506771307515,-0.318225118437675,-0.333313136614131,-0.331036263230697,-0.206566945121958,-0.170517676554025,-0.193271540837216,-0.229712840721624,-0.459308867652163,-0.537086068860948,-0.287683394489752,0.0463220319981437,-0.197756512773442,0.229561916918827,-0.13729385603251,0.257489121103752,0.0670053030966474,0.161480019112547,0.383464791450225,-0.463988443424656,0.268876308161404,0.152801931000647,-0.382833700618451,0.0991235238466338,-0.285819439208595,0.276450656074427,0.017974390170533,-0.0520707532089876,-0.25455199637845,0.293310516849915,0.462342181938362,-0.443457752260053,-0.373806921254551,-0.121310236247725,-0.0207103614605809,-0.0863790582484053,0.124428464969841
"pctWPubAsst",0.227437922833624,0.0930742423647715,0.39928139483496,0.544072164174326,-0.161914721681158,0.287592997491859,0.211248472420436,0.223459874349333,0.178544943158629,0.161816430669049,-0.206472398478348,-0.731442314859549,-0.565657869279637,-0.100037104326177,-0.783434770913094,0.325930624784355,1,0.0255825350801169,-0.77004621812875,-0.734069152271083,-0.589353218603714,-0.49593655831191,-0.234551745364926,-0.309000811808977,-0.37825761569035,-0.520495731597809,0.782504294466056,0.758044500197582,0.792405265732518,-0.652171619772808,0.835106857454644,-0.642845428289753,0.135942467687623,-0.0797388483104673,0.639285060086029,-0.641489771008613,0.504707732544,0.277222771773109,0.546299143434327,0.540193075601194,0.275504527877743,-0.769058581195615,-0.789191836555357,0.807809074225063,-0.654199473704491,-0.134606900502973,-0.292799085491757,0.731812111836921,0.123002430940589,0.168428876005711,0.160140029584358,0.188691880264661,0.0609481022547578,0.0785763611101027,0.0617220187511962,0.0657156468418446,0.173375477959827,0.314451117166516,0.532900177702265,0.453155522667274,0.0606188125634348,-0.0483930172743592,0.39360433718957,-0.586632615832353,0.581798388271415,0.491037196218573,-0.355729203176061,0.265867200533618,-0.522213334701325,0.569912296914713,0.19836199035888,-0.305907567618918,0.73434695124819,0.600255087173868,-0.551537721317641,0.397353275710899,-0.0896898237625357,0.0964773975455527,0.383030461604233,0.301593645219295,-0.0196878340361108,0.220208348034529,-0.0615496499215577,-0.228660979752858,-0.221639772011755,0.0308358606223789,0.215950058560729,-0.0502863066069056,0.63989260959692
"pctWRetire",-0.12737781075254,-0.334204221315858,-0.0872514324893717,-0.272539290975928,-0.234201403395066,-0.283282924599979,-0.312550464504746,-0.435904956547126,-0.277822722555182,0.677390771923801,0.0384636620104968,-0.0749088869926326,-0.542406771673169,-0.281139260336187,0.202468372793415,0.678786560877766,0.0255825350801169,1,-0.0615480202943947,0.017449163842061,-0.0585997266705569,-0.0532895930482887,-0.0243092521420554,0.0335274967143155,-0.0313910946002867,0.0389155372373879,-0.143019707270301,-0.0288113753246715,0.0230600346180514,-0.191738731767259,0.024163546316608,-0.397248647456646,-0.0275054775309512,0.054127126686474,0.0163369022059713,-0.099868986727829,0.00895479722284443,-0.284059127927722,-0.085424052458318,-0.0395874247175983,-0.387896800763644,-0.00846193637516455,0.00621996083139442,0.0193033309135219,0.023061332069105,-0.0555613293378834,0.0121424249139756,-0.157745713727153,-0.309364574327089,-0.35266866676485,-0.413463550938746,-0.45946542152205,-0.317723338633385,-0.321386214486964,-0.328414089625388,-0.33127831390711,-0.225329671618527,-0.263488422656411,-0.288231572894345,-0.273288375195965,-0.309998178594339,-0.381902155839637,-0.264472766548423,0.255815594095834,-0.349085600541152,-0.0755840554146157,0.0861070371606616,0.0320759087101943,0.270865546471428,-0.0233029377662479,0.193129423385754,-0.296587621283457,-0.0937837863843666,-0.138190932437916,-0.0832322822014609,-0.0177202961532456,-0.20166570754258,0.0386354096596283,-0.0721000902618816,-0.0857689770669665,-0.18920509588149,0.129647908431644,0.402823507700162,-0.296337739137183,-0.217610016459015,-0.0354953051809629,-0.088392296632959,-0.0202357857992351,-0.0944593223636585
"medFamInc",-0.0935636098764485,0.0698286993701228,-0.350034383399518,-0.356029544398217,0.44162336353523,-0.0866820048684313,-0.290789054344458,-0.302877607052128,-0.271954657785113,-0.227988104790353,0.319207923560027,0.971345570537494,0.594163864467291,0.00886679860118213,0.814304574693793,-0.38205577895901,-0.77004621812875,-0.0615480202943947,1,0.931106955439354,0.847716848587633,0.673130135369655,0.33627542083258,0.454080306365061,0.458039775950123,0.657829080891458,-0.828750611150153,-0.707080598007299,-0.750481326979172,0.736445108199168,-0.730886701507967,0.653769165560834,-0.0736641322124892,0.0984600762388301,-0.664912459465073,0.767618509404744,-0.549824209588263,-0.144328566808394,-0.534383996404721,-0.555111827652911,-0.0403261377268793,0.728601562786217,0.732424493335132,-0.788728449387336,0.62629439915638,-0.0848036059149657,0.0571082506051392,-0.601151344803258,-0.103682198639961,-0.164250700989915,-0.144660230873543,-0.168009822343518,0.184361365895628,0.184243353857505,0.205852222978489,0.201989217541964,0.105023842848375,-0.0436935809169811,-0.275050462376612,-0.202767143723492,0.138956263525954,0.251402784252583,-0.252137494357673,0.58068066632225,-0.430240558875356,-0.532656940651715,0.391477526516624,-0.44270127712302,0.521330347898999,-0.493137893311783,-0.259170689239465,0.134906935788395,-0.852334088655484,-0.510993413495217,0.834434964199367,-0.247101572497439,0.32510449334872,-0.0426569479478276,-0.249022578305338,-0.181906911602211,0.322400496820547,-0.22847397385128,0.202344360094618,0.0704809982542119,0.0818299575899502,-0.0643855448770359,-0.026719080482125,0.310817366926552,-0.528061321659419
"perCapInc",-0.0490496182780513,-0.204505131873424,-0.259343485021954,-0.328298164509448,0.383833059352376,-0.156244903672827,-0.452736908154731,-0.431939952918062,-0.372845727042239,-0.0144993380992915,0.324567184833242,0.883401008386875,0.400950155048211,-0.0259259273178072,0.830905762508545,-0.218741165756109,-0.734069152271083,0.017449163842061,0.931106955439354,1,0.948016050320779,0.644900904400818,0.329019664541913,0.504133409974172,0.441710200908043,0.693925689776679,-0.772828437226015,-0.692970720673298,-0.737947846935215,0.78002330314408,-0.723244287689451,0.553075153612595,-0.15097139773849,0.161596589193221,-0.7115562715435,0.825933421811087,-0.385092804470188,-0.179143272019019,-0.383133021858129,-0.392379700079949,-0.271510043310548,0.585749030652175,0.605422520725787,-0.676225903166859,0.476773945727784,-0.073650877947696,0.0557584858001944,-0.539980530030472,-0.0853466519996038,-0.148936965644921,-0.130589656193455,-0.159351788657834,0.156486011128727,0.15420677894617,0.173215170995887,0.167647229117815,0.041565324574108,-0.0935406129095998,-0.410496354421475,-0.374134349100065,-0.115385464706342,-0.0183677260479745,-0.415994229084065,0.49833683232836,-0.477914848387523,-0.399031097914244,0.295462724187955,-0.292166964769784,0.439067711995396,-0.46089684373137,-0.227085741429493,0.0675738046378757,-0.778177483290342,-0.483840053276873,0.766900926720766,-0.256609404019229,0.278663003458167,-0.0204924299419517,-0.163665960196236,-0.104176839083893,0.27599739559441,-0.273698251917602,0.202964538518834,0.0608769735435885,0.136234615550159,-0.0354404894746529,-0.0113346499594417,0.323399921384468,-0.441255960953209
"whitePerCap",0.0202881086765327,-0.157550425242094,-0.0806372375147917,-0.102437871510846,0.405065270398375,-0.0867072877926722,-0.391160264499088,-0.378866072256968,-0.322498983137828,-0.0247110267388684,0.315685064769499,0.800083338409353,0.338361918129264,-0.00623195526786667,0.714752013975226,-0.215790721689307,-0.589353218603714,-0.0585997266705569,0.847716848587633,0.948016050320779,1,0.589828145171662,0.320163842663825,0.492270892888591,0.414787240262549,0.669810992427658,-0.591579625884303,-0.582342310606641,-0.625055409775402,0.777891432479066,-0.584647358556555,0.445435438851794,-0.187517480351552,0.217085916620193,-0.675279750384574,0.828211932021121,-0.317567509405708,-0.0705607582248563,-0.290770306094679,-0.308798440012013,-0.193504798617701,0.420767526752405,0.426389076675795,-0.535717776841232,0.312784456967125,-0.118277906895504,-0.036120450492016,-0.348970200215117,0.0034146391943332,-0.05014803767285,-0.0225786977256857,-0.0452458583717546,0.23796831233818,0.236899749537743,0.253981810782086,0.247503614010163,0.104812147451552,-0.012861116542048,-0.270369196053633,-0.254129970410493,-0.0850542582779517,-0.0164189218306727,-0.32077253094691,0.376601122310109,-0.330073647681867,-0.318125172994264,0.2338818397462,-0.22152481293808,0.334171421322343,-0.338021621897669,-0.195471447474778,0.0383092773200465,-0.644885093624421,-0.35478918122122,0.719482453559998,-0.166297397297816,0.297766688269993,0.0023034711210513,-0.0683705690731959,-0.0179476265558501,0.319585672143745,-0.2994738119758,0.177327551577281,0.0562679482100001,0.156370299037533,-0.0166604722676818,0.0491789874633125,0.369504019793234,-0.286102408127569
"blackPerCap",-0.0631916257496986,0.0468374666336557,-0.248604899545924,-0.191555866616649,0.359521504924394,0.0240672731726103,-0.293501543842749,-0.276547350549439,-0.279116239804491,-0.16257456154283,0.243968400304994,0.683585262754411,0.410910005926772,-0.0753110074030248,0.509768079809491,-0.281935692994528,-0.49593655831191,-0.0532895930482887,0.673130135369655,0.644900904400818,0.589828145171662,1,0.283198024604597,0.352493155279585,0.374354612712923,0.523466497304683,-0.560915665912725,-0.444807413509705,-0.454655517047911,0.466874325106076,-0.427689372960051,0.46868057988129,-0.0168143479243755,-0.0100989438385735,-0.439355083518812,0.520176020557882,-0.349695713236776,-0.139639749965643,-0.322371344234887,-0.342917490630953,0.0238486274600669,0.487254596731868,0.484752661496877,-0.558451525010868,0.412250470865416,-0.110443419195255,-0.0334342409024,-0.411147829854139,-0.0930665538357838,-0.148173450677274,-0.127670922848164,-0.133784719495735,0.192145602110325,0.198499799928168,0.219141128193888,0.218828657041651,0.176725028008783,0.071128958936871,-0.142718174424634,-0.0877985403889792,0.146780930404648,0.215073557754578,-0.127945437071769,0.388017235005715,-0.244817201225858,-0.32736405089251,0.241827589804737,-0.314543707042081,0.353208398527981,-0.323059012283028,-0.21138309499156,0.0864618430241882,-0.595920439675718,-0.306982513033728,0.637480952459622,-0.146203218360208,0.315259189624805,-0.0192311098756516,-0.192395545214334,-0.114509360232849,0.321607835690989,-0.191825269892677,0.186332234965315,-0.00628987924529457,0.0448303163843763,-0.0991793219026913,0.0572569706047194,0.276177326428346,-0.338378873361179
"indianPerCap",-0.000517608214008001,0.000751270664203161,-0.0550141715509496,-0.0477939626938006,0.150301098636269,0.0281546544622941,-0.167590316176005,-0.162767878296429,-0.156371266637768,-0.0458689683118824,0.136641057503987,0.339536401762641,0.175524842331454,-0.0423080206700726,0.236046210484095,-0.116774249107586,-0.234551745364926,-0.0243092521420554,0.33627542083258,0.329019664541913,0.320163842663825,0.283198024604597,1,0.171340209600497,0.199957150390229,0.265016019392422,-0.26153216690249,-0.215849265209357,-0.212235690863186,0.236369762420083,-0.229692491389916,0.218651033713653,-0.0226657470195192,-0.00772259956405416,-0.224597766398337,0.257746479944588,-0.134149414452408,-0.0757712981855206,-0.105165719494721,-0.121315680322866,-0.00289049876012486,0.200876862033615,0.19073416469,-0.239043199546443,0.152894865121361,-0.0308575365229082,0.0154190775704817,-0.156399559586782,-0.0380345619453208,-0.0665188344883878,-0.0482293049410719,-0.0487333287489427,0.0984841093764117,0.102237636919838,0.117413992481227,0.113529186947428,0.0810304967756176,0.0394135906994933,-0.0497699037101159,-0.0314069417911909,0.0560989642749675,0.0747749909359461,-0.0568332858626067,0.187246863608051,-0.0895831610642705,-0.141204808728458,0.118780979129324,-0.129159411432576,0.177804029902673,-0.123889965188932,-0.119210750525572,0.0753807806758339,-0.268308475075779,-0.131604374635167,0.336394769185892,-0.0323803726798817,0.189102284024922,-0.00238866799417579,-0.0901519936202102,-0.0392997095006462,0.165144329184455,-0.125860129901234,0.0816394906101377,0.00988159825156145,0.00743289042116222,-0.0362430387536072,0.0338913603657771,0.102570064932622,-0.124804077717012
